850,000
2,318,000
1,230,000
1,120,000
1,763,580
1,150,000
2,200,000
1,688,888
3,500,000
1,280,000
920,000
950,000
33,500,000
35,000,000
14,800,000
1,250,000
17,919,925
1,178,845
1,750,000
1,000,000
2,550,000
655,000
18,556,200
381,000
288,800
31,330,000
1,550,000
1,480,000
1,975,490
1,163,581
1,500,000
1,200,000
2,580,000
4,395,600
1,243,076
3,051,000
490,000
1,700,000
788,888
1,050,000
2,700,000
26,500,000
900,000
924,000
3,150,000
600,000
1,861,000
3,050,000
4,470,000
2,380,000
3,552,000
750,000
1,350,000
931,000
2,060,000
1,888,000
758,000
525,000
2,628,000
455,000
550,000
1,320,000
1,174,000
560,000
4,152,900
1,068,000
4,070,000
2,350,000
5,825,000
1,300,000
55,150,000
16,249,199
760,000
1,180,000
36,000,000
2,640,000
688,000
1,080,000
1,613,999
1,100,917
990,000
635,000
3,700,000
160,000,000
530,000
11,500,000
1,950,000
1,290,000
340,000
4,361,000
1,752,000
16,000,000
920,460
868,000
4,090,000
3,280,000
1,180,191
15,292,800
980,000
3,825,000
4,434,120
2,155,500
775,000,000
3,300,000
1,190,000
4,918,014
4,081,985
5,300,000
1,695,000
11,625,000
1,215,000
700,000
740,000
2,797,706
2,731,093
11,587,935
1,515,864
7,205,642
890,000
3,390,000
4,210,732
698,000
1,520,000
2,440,000
825,000
380,000
2,003,000
1,760,000
1,268,000
1,564,212
690,000
800,000
620,000
1,390,000
880,000
2,770,000
4,523,500
3,950,000
5,369,700
5,780,800
7,396,100
10,281,750
8,066,800
4,519,100
5,187,900
4,878,300
1,211,000
4,900,000
1,468,800
2,338,000
2,800,000
768,158
1,600,000
4,200,000
2,750,000
1,460,000
1,680,000
1,770,000
2,748,368
8,088,888
1,325,497
828,000
1,257,777
1,649,000
1,441,111
1,538,888
699,700
3,899,880
1,560,490
1,485,418
1,040,600
775,000
1,314,000
695,000
25,656,000
33,322,000
820,000
290,000
2,300,000
372,800
3,372,075
3,680,967
3,946,958
3,118,800
1,499,000
1,818,188
1,188,000
1,425,000
968,000
2,080,000
650,000
1,700,400
2,339,100
660,000
2,500,000
494,318
10,741,500
2,070,000
4,480,000
625,000
3,000,000
2,400,000
678,888
2,730,000
465,000
479,000
1,568,000
798,000
769,296
36,226,000
790,000
7,836,400
400,000
7,000,000
7,300,000
2,305,800
7,200,000
1,938,888
1,019,444
1,658,000
1,268,888
1,386,900
3,800,000
14,575,950
7,392,000
1,110,000
735,000
2,012,876
2,598,600
2,673,150
580,000
780,000
588,000
3,503,100
11,395,455
12,493,433
8,200,000
41,285,107
41,097,447
41,378,937
42,598,724
42,786,382
42,974,042
43,255,531
43,818,510
44,006,170
43,724,680
1,380,000
1,188,888
2,600,000
725,000
1,116,637
1,166,076
1,958,000
1,135,000
1,939,700
1,259,000
1,880,000
1,186,330
910,000
538,000,000
983,888
2,440,051
2,548,498
2,809,756
973,800
2,090,000
1,198,645
815,000
371,000
3,009,000
1,800,000
1,174,213
1,488,000
10,000,000
4,300,000
590,000
618,591
581,409
4,262,400
1,142,033
2,760,700
1,352,550
2,533,000
1,288,000
8,800,000
710,000
1,470,000
1,430,000
6,000,000
360,000
1,128,000
678,000
5,800,000
2,850,000
3,690,000
428,000
787,100
680,000
1,118,000
970,000
308,000
911,888
1,833,000
1,028,000
436,000
725,800
23,988,888
1,806,000
638,000
720,000
1,038,000
1,404,888
1,830,000
938,000
1,912,086
2,544,500
1,246,230
1,467,570
1,184,593
1,392,861
1,169,231
1,340,265
1,040,000
1,671,499
16,518,150
1,731,600
1,379,000
11,612,600
51,184,000
52,054,000
11,502,600
927,340
665,000
1,189,440
310,000
10,081,929
7,910,261
4,431,423
5,087,504
4,783,907
5,265,647
5,668,890
7,253,689
728,000
640,000
13,797,200
1,650,000
7,017,300
838,508
3,974,400
610,000
3,550,000
8,355,900
1,075,000
1,315,000
450,000
3,350,000
1,690,000
2,192,300
3,564,300
3,275,000
4,950,000
12,568,610
1,890,000
56,205,000
9,955,200
1,279,080
1,342,440
583,000
12,592,800
2,050,000
12,943,599
1,165,800
470,000
490,600
1,010,000
1,105,970
6,252,880
2,630,120
13,551,550
1,900,000
1,207,440
1,183,600
1,710,000
1,160,000
56,270,600
57,925,000
48,604,400
370,000
855,000
92,200,000
1,450,000
3,324,272
3,075,728
2,433,740
2,410,000
810,000
3,663,450
6,512,000
3,871,200
1,008,000
1,123,333
14,950,000
1,850,000
2,820,000
1,313,000
1,188,800
830,000
8,600,000
2,284,272
10,446,493
8,195,703
4,591,210
5,270,558
4,956,029
5,455,300
5,872,885
7,513,320
2,000,000
2,412,764
1,117,990
361,672
1,240,200
11,707,300
1,105,969
2,007,640
1,100,000
2,530,262
9,000,000
1,220,000
718,000
540,000
616,888
1,730,000
1,133,888
3,288,000
43,000,000
11,300,000
8,550,000
17,121,060
48,177,225
3,600,000
2,781,450
23,000,000
1,284,000
1,580,000
5,680,000
1,389,000
4,125,300
350,000
27,392,100
1,820,000
1,206,000
1,238,000
3,180,000
2,100,000
2,588,000
4,478,908
1,310,000
2,950,000
17,380,000
53,924,840
1,284,120
835,000
1,070,000
11,930,000
1,330,136
1,036,000
888,000
2,389,080
1,020,000
2,097,816
2,250,888
1,139,800
12,888,976
15,517,742
3,112,888
1,111,820
49,000,000
1,328,000
1,780,000
788,000
3,623,400
1,157,700
1,400,000
535,000
4,474,800
4,320,000
39,700,000
1,115,000
2,234,880
9,500,000
1,108,000
1,415,000
1,835,000
300,000
2,270,000
500,000
1,168,000
1,144,640
4,760,486
2,649,246
11,316,000
11,691,000
1,510,000
2,020,000
555,000
2,217,000
41,148,050
7,166,000
2,210,000
1,398,000
7,942,400
6,735,000
13,439,880
1,094,266
18,082,000
10,438,000
1,042,000
10,513,000
53,099,550
696,000
960,000
4,449,000
1,740,000
480,000
8,628,214
39,000,000
1,166,000
5,500,000
3,688,830
3,141,170
836,356
1,356,000
2,398,000
1,776,500
1,027,000
510,000
2,805,000
2,913,900
1,820,520
762,500
4,361,700
1,440,000
2,175,424
111,100,000
1,130,000
271,250
1,239,000
605,000
1,338,000
1,560,000
1,129,600
1,098,200
4,600,000
3,404,800
1,111,315
918,000
4,100,000
4,018,692
523,000
613,000
628,888
9,176,310
1,045,000
13,346,320
7,983,040
840,000
4,511,100
20,400,000
460,000
2,038,000
1,160,800
865,000
11,000,000
3,886,670
2,130,000
3,015,000
1,920,000
1,694,580
3,830,000
6,080,000
2,134,400
420,000
1,790,000
2,980,000
315,000
2,368,000
3,660,000
345,000
1,100,888
2,151,188
1,821,770
2,576,400
2,352,000
1,089,583
1,831,500
815,900
4,750,000
2,150,000
1,158,000
4,457,400
7,525,000
668,000
4,450,000
1,385,000
2,280,000
3,900,000
1,088,888
1,860,000
810,800,000
388,000
11,580,000
459,000
1,285,000
323,800,000
16,100,000
4,311,608
2,373,000
2,435,000
933,000
870,003
2,447,250
1,630,000
1,808,000
1,127,500
13,700,000
1,316,188
1,051,200
1,102,400
563,000
1,121,824
269,699,625
925,000
2,316,113
3,388,000
515,000
1,408,888
903,888
1,530,000
315,000,000
4,247,450
1,770,160
903,000
2,900,000
930,000
1,281,488,125
1,030,000
1,720,000
1,075,200
257,500,000
1,183,060
410,000
1,041,858
1,911,500
1,918,120
6,700,000
1,078,888
1,100,120
2,529,079
1,076,000
2,680,000
588,120
2,709,837
1,802,326
645,000
1,628,000
5,400,000
2,560,200
4,501,600
2,305,200
10,002,700
16,166,700
6,906,900
1,330,000
7,398,888
520,000
1,360,000
5,088,684
2,790,026
858,000
683,000
975,000
2,426,129
20,400,095
2,305,680
2,268,730
4,533,765
1,445,000
364,486
2,650,000
2,030,000
6,880,000
15,472,500
1,295,000
11,900,000
653,000
6,247,900
1,125,000
508,000
606,375
4,440,000
202,888
10,520,000
1,610,000
1,671,615
1,660,000
4,714,000
962,192
25,480,000
18,000,001
8,580,000
2,222,000
445,000
1,041,888
538,000
3,025,000
1,207,800
1,528,000
258,880
1,803,725
585,000
2,383,000
607,200
831,500
9,800,000
6,190,000
31,724,500
34,847,800
34,895,000
34,327,200
30,058,800
31,156,700
1,053,306
2,225,000
1,254,000
1,688,500
38,300,000
2,428,710
1,535,000
685,000
557,524
427,476
285,000
1,933,500
1,304,576
2,275,424
9,900,000
958,000
2,330,000
1,240,000
11,754,050
2,360,000
2,582,500
1,935,000
53,097,242
276,800,000
10,330,000
906,000
512,000
6,300,000
1,871,000
6,588,000
4,123,040
1,083,000
1,238,250
3,100,000
2,291,900
1,088,000
1,388,604
5,482,758
17,293,500
1,584,000
260,000
1,145,000
2,861,200
2,138,800
495,000
1,420,000
1,325,000
2,985,000
2,074,680
1,924,520
1,199,998
2,170,000
3,430,000
1,168,641
13,000,000
150,000,000
2,313,119
2,297,196
1,035,000
2,968,845
2,699,200
2,420,000
7,340,000
2,538,800
11,301,300
4,129,334
856,550
1,716,384
20,770,631
122,009,369
2,309,628
636,000
893,000
255,000
3,030,000
988,200
1,739,088
270,000
7,275,000
4,226,880
1,692,600
1,128,468
1,930,000
375,000
8,680,000
41,744,810
1,267,511,820
2,475,000
5,608,580
250,000
1,087,900
2,120,000
8,500,000
730,000
1,022,000
1,670,000
3,904,367
2,906,000
588,888
1,045,352
2,833,350
558,000
11,531,441
4,168,730
4,500,000
2,460,600
998,000
1,567,800
23,500,000
11,485,188
3,520,474
3,930,000
7,410,320
2,298,009
2,720,000
26,000,000
2,616,500
9,619,500
292,500
1,842,400
10,963,530
2,396,400
2,192,064
1,887,578
1,631,450
2,265,500
655,000,000
1,202,000
2,151,000
1,463,000
8,667,172
4,250,000
826,875
863,625
1,624,491
1,609,900
2,136,000
3,200,000
2,543,300
4,702,500
1,810,000
3,060,000
2,251,000
2,213,000
1,228,000
6,324,750
200,000,000
1,905,125
2,952,162
2,979,156
1,506,848
618,000
2,254,000
1,208,152
2,530,000
1,744,931
992,645
1,043,000
1,170,000
1,537,600
2,258,718
1,625,500
1,072,445
988,000
475,000
4,187,700
1,162,800
10,600,000
1,528,490
892,000
2,136,663
1,540,000
739,200
549,000
122,300,000
620,100
1,948,000
1,960,753
1,862,000
2,494,700
13,935,580
1,218,000
765,000
2,258,200
3,811,000
1,052,286
4,800,000
2,623,600
1,640,900
1,060,000
861,000
2,279,500
3,450,000
488,000
568,000
667,320
2,844,000
49,780,000
1,395,000
8,071,000
804,609
6,240,000
1,609,245
2,259,000
5,090,000
3,501,000
38,000,000
837,900
1,370,000
11,107,200
1,610,200
916,750
1,344,962
860,000
1,909,000
2,010,000
1,873,100
37,100,000
1,879,000
2,517,700
2,250,000
232,727
1,523,900
2,423,800
2,447,700
3,818,400
1,509,400
7,700,000
2,780,000
2,878,800
2,840,160
2,432,190
3,861,775
1,740,750
1,844,100
2,470,800
1,418,000
52,000,000
2,492,328
8,564,250
492,000
1,501,853
2,519,964
4,255,036
9,222,500
1,178,518
1,570,000
1,113,615
1,136,384
3,780,000
79,300,000
1,847,900
570,000
5,362,500
4,605,300
4,020,000
42,678,400
5,198,000
5,520,000
3,715,000
7,157,500
1,465,000
2,298,000
2,175,000
1,178,950
1,481,300
934,579
4,290,000
3,794,966
1,261,682
2,821,500
1,052,636
992,000
1,853,280
11,863,500
1,485,000
3,850,000
953,988
9,200,000
5,200,000
630,000
1,083,333
916,667
989,000
8,707,260
13,965,840
832,000
745,000
2,520,000
2,129,300
1,744,000
1,740,500
1,435,000
335,000
2,250,960
1,875,800
7,093,180
1,296,400
125,000
180,000
868,888
382,000
770,000
439,000,000
1,238,800
2,818,075
334,000
4,052,012
4,079,889
2,516,180
2,839,000
2,808,000
621,000
2,674,000
7,158,245
378,000
715,135
784,864
602,000
1,388,888
742,888
1,578,000
10,420,000
802,220
808,000
2,840,000
8,092,308
2,129,600
3,400,000
2,458,000
2,594,000
2,795,000
531,000
1,133,846
1,159,615
1,056,538
376,700
4,000,000
813,000
483,800
4,008,513
2,637,180
650,765
430,000
10,500,000
390,000
870,000
242,000
7,325,333
874,666
2,072,500
1,765,000
5,900,000
2,893,800
1,828,000
280,000
608,000
508,888
2,745,000
450,383
1,454,362
1,135,341
919,532
8,972,311
1,932,480
1,545,500
839,000
2,932,800
1,974,000
3,075,943
2,528,600
4,855,100
500,800
185,000
6,200,000
652,000
2,260,452
5,380,000
2,450,000
920,888
2,060,600
1,568,888
875,000
1,292,000
512,200
663,000
438,000
573,000
505,000
355,000
555,555
6,821,625
2,088,000
845,000
425,600
454,400
338,000,000
3,017,475
2,694,174
325,000
508,800
6,128,100
3,650,000
14,100,000
4,088,000
523,600
1,340,000
31,080,000
223,800
1,335,000
1,775,000
1,809,000
3,829,172
1,970,828
565,000
21,000,000
615,000
526,235
586,260
827,000
670,000
1,504,000
2,609,000
1,225,000
936,800
2,590,000
395,000
1,980,000
1,375,000
2,125,000
1,657,600
927,888
8,178,000
485,000
5,054,400
1,862,500
435,000
518,000
403,000
1,383,000
318,000
3,311,511
2,037,037
1,448,800
2,578,000
286,000
482,000
1,000,640
3,270,000
4,426,000
3,674,000
776,000
2,468,000
2,803,738
2,388,000
16,899,988
885,000
1,345,000
1,088,050
330,000
10,057,916
19,026,000
408,000
1,961,000
656,000
320,000
301,888
877,000
6,699,000
10,800,000
42,000,000
3,680,000
361,888
1,032,000
412,000
425,000
888,800
4,380,000
88,000,000
4,373,831
426,666
4,080,000
3,702,000
1,208,000
3,380,000
385,000
956,888
1,163,589
6,088,888
6,500,000
3,957,000
2,560,000
222,888
503,000
16,600,000
795,000
804,680
765,900
2,340,000
4,648,644
8,670,813
6,449,187
603,900
1,929,600
842,000
2,257,200
3,340,000
1,787,000
8,020,000
1,213,000
700,000,000
1,009,800
755,000
643,000
27,000,000
1,453,140
852,000
675,000
464,000
1,686,000
1,596,000
1,634,688
68,680,000
386,915
1,607,278
1,455,000
472,000
120,000
6,102,000
1,210,000
1,608,000
214,888
701,000
338,000
340,000,000
1,608,888
6,600,000
2,701,000
970,093
2,480,000
995,000
1,033,000
768,000
1,184,000
2,830,000
2,415,000
528,000
3,750,000
2,860,000
2,442,000
292,000
3,785,060
731,665
2,354,000
1,069,000
1,025,000
4,264,000
2,816,000
2,189,000
2,438,000
418,000
1,638,000
1,819,000
288,000
748,800
714,480
961,800
2,220,000
851,700
821,800
4,660,000
2,460,000
686,400
17,250,000
1,348,000
25,250,000
7,288,000
592,800
694,400
663,600
648,960
11,700,000
4,598,000
10,400,000
598,000
674,500
415,000
1,274,000
1,109,412
940,588
419,521
802,000
1,860,888
230,000
926,000
1,518,000
2,890,000
1,260,000
22,230,000
400,300
3,795,650
567,600
587,400
826,000
869,000
377,000
1,435,500
831,000
1,506,400
220,000,000
2,035,000
431,200
405,000
1,923,000
20,757,507
2,242,493
440,000
1,326,000
2,014,500
1,168,224
190,000
2,498,800
4,760,000
240,000
13,500,000
368,000
1,508,500
657,000
2,138,000
1,165,000
100,000,000
756,000
2,755,000
1,101,000
716,000
5,320,000
9,700,000
2,228,000
498,000
32,800,000
1,090,000
200,000
3,138,000
303,738
225,000
220,000
408,888
278,000
738,000
3,123,000
305,000
1,410,000
2,882,900
192,700,000
748,000
1,725,000
637,500
1,490,000
838,000
819,000
991,800
1,896,600
2,538,000
12,305,600
955,000
1,173,298
4,150,000
935,000
1,108,888
50,000,000
582,000
2,180,000
1,768,000
3,968,000
1,538,000
296,000,000
1,618,200
841,300
9,300,000
1,532,520
14,600,000
5,000,000
5,700,000
5,775,000
5,600,000
17,000,000
13,250,000
2,889,000
10,200,000
9,855,000
9,680,000
3,928,000
78,500,000
12,280,000
16,500,000
5,000,888
7,100,000
4,400,000
3,080,000
5,225,000
4,850,000
13,800,000
4,938,000
7,400,000
19,000,000
4,180,000
1,865,000
15,930,000
6,432,100
10,300,000
18,680,000
7,450,000
6,400,000
14,380,000
5,150,000
7,780,000
5,250,000
18,500,000
1,821,090
4,260,000
5,060,000
3,980,000
7,880,000
1,265,000
9,400,000
11,420,000
3,318,000
7,500,000
16,200,000
1,716,888
3,938,888
12,730,000
12,000,000
8,888,800
8,000,000
15,600,000
8,888,888
15,500,000
32,000,000
4,888,888
30,000,000
6,350,000
13,080,000
6,480,000
6,150,000
7,050,000
4,280,000
4,700,000
5,418,888
17,490,000
23,800,000
7,620,000
9,600,000
14,300,000
11,200,888
29,000,000
21,800,000
8,650,000
12,700,000
6,450,000
6,800,000
11,600,000
4,136,500
8,280,000
18,200,000
13,580,000
15,200,000
62,500,000
5,880,000
7,600,000
42,550,000
4,358,000
4,111,000
18,688,000
27,188,888
8,228,000
3,120,000
7,800,000
11,200,000
7,220,000
6,380,000
5,480,000
40,000,000
5,280,000
6,388,000
9,080,000
4,980,000
11,020,000
16,800,000
7,150,000
6,980,000
71,280,000
4,050,000
4,350,000
4,550,000
6,250,000
1,788,000
14,000,000
5,050,000
6,650,000
8,877,000
3,620,000
5,550,000
28,000,000
4,880,000
3,510,000
3,330,000
25,500,000
8,450,000
7,688,000
3,425,000
12,600,000
12,680,000
23,200,000
5,258,000
2,990,000
5,715,000
74,800,000
25,000,000
2,916,000
8,380,000
12,188,000
12,200,000
5,100,000
30,668,300
17,200,000
6,888,000
31,800,000
53,900,000
3,480,000
11,100,000
4,650,000
36,471,774
53,528,225
26,038,000
2,320,000
16,180,000
5,810,000
2,628,633
31,500,000
25,009,999
3,130,000
7,090,000
10,700,000
13,300,000
3,675,000
4,225,000
11,768,888
3,590,000
1,243,000
12,300,000
13,635,000
8,630,000
10,100,000
2,188,888
5,080,000
2,688,000
12,350,000
13,150,000
4,120,000
3,580,000
3,880,000
12,588,000
15,000,000
9,280,000
5,030,000
12,113,000
22,500,000
4,220,000
6,025,000
4,418,000
8,900,000
8,930,000
13,980,000
6,100,000
4,568,900
17,750,000
11,180,000
15,380,000
3,188,888
7,128,000
21,500,000
5,350,000
15,700,000
9,550,000
3,458,000
6,750,000
12,928,000
8,100,000
7,380,000
7,680,000
2,880,000
2,875,000
2,910,000
8,388,800
22,280,000
10,280,000
3,605,000
29,280,000
4,253,888
13,510,000
14,850,000
29,800,000
28,800,000
6,020,000
15,750,000
9,850,000
10,650,000
2,277,000
2,810,000
4,666,333
9,332,666
21,280,000
1,940,000
2,888,000
5,650,000
3,468,000
900,001
5,920,000
9,150,000
3,662,000
4,858,000
2,930,000
2,008,000
2,230,000
3,648,000
11,280,000
4,950,888
16,350,000
35,500,000
3,028,000
54,000,000
2,835,000
5,180,000
16,250,000
6,050,000
